0.000000000000000000e+00
9.549658222758343473e-02
1.454737279668596173e-01
1.764849865112916860e-01
1.995600373208137879e-01
2.183815852401458091e-01
2.332772617416452310e-01
2.464792453899478375e-01
2.593857798543413029e-01
2.689177911766332252e-01
2.774897778838870677e-01
2.851447260305248199e-01
2.927237816281532679e-01
2.991659294517432510e-01
3.055211397581389932e-01
3.107985824601894320e-01
3.153482758952383391e-01
3.194705046631469703e-01
3.232330717344464865e-01
3.270940270404890104e-01
3.304811598116140781e-01
3.335919004370677121e-01
3.367474283404610635e-01
3.393345118199840860e-01
3.421268960173826090e-01
