0.000000000000000000e+00
9.549658222758343473e-02
1.747084841174105230e-01
2.367310012062726066e-01
2.903096099718536216e-01
3.389626055488540457e-01
3.807800562927221577e-01
4.203860072376356949e-01
4.612987535182951349e-01
4.929634097305991003e-01
5.226176115802171340e-01
5.500603136308805929e-01
5.781061519903498702e-01
6.026336952151186699e-01
6.274628065942903232e-01
6.485725774024929668e-01
6.671692802573381265e-01
6.843586650583032283e-01
7.003417772416565823e-01
7.170285484519501873e-01
7.319059107358263372e-01
7.457780458383594935e-01
7.600522718134298250e-01
7.719139525532769941e-01
7.848813831926014783e-01
